C:\coding\VFX_hw2\data\test_img\prtn01.jpg
384 512

1 0 255.5 
0 1 191.5 
0 0 1 

0.999964 0.00160033 0.0082818 
-0.00160027 0.999999 -1.32231e-005 
-0.00828181 -2.93336e-008 0.999966 

834.711

C:\coding\VFX_hw2\data\test_img\prtn02.jpg
384 512

1 0 255.5 
0 1 191.5 
0 0 1 

0.999914 -0.00354946 0.0126458 
-0.000274721 0.956931 0.290316 
-0.0131316 -0.290295 0.956847 

834.882

C:\coding\VFX_hw2\data\test_img\prtn03.jpg
384 512

1 0 255.5 
0 1 191.5 
0 0 1 

0.999828 -0.0111041 0.0148802 
0.00103088 0.833412 0.552651 
-0.0185381 -0.552541 0.83328 

835.452

C:\coding\VFX_hw2\data\test_img\prtn04.jpg
384 512

1 0 255.5 
0 1 191.5 
0 0 1 

0.999719 -0.0182517 0.0151329 
-0.0001906 0.632064 0.774916 
-0.0237085 -0.774701 0.631883 

835.55

C:\coding\VFX_hw2\data\test_img\prtn00.jpg
384 512

1 0 255.5 
0 1 191.5 
0 0 1 

0.999995 -0.0002479 0.00322199 
0.00117542 0.956661 -0.291202 
-0.00301018 0.291205 0.956656 

833.185

