C:\coding\VFX_hw2\data\grail\grail01.jpg
384 512

1 0 255.5 
0 1 191.5 
0 0 1 

0.999842 0.0177011 -0.00136133 
-0.0177011 0.999843 2.40957e-005 
0.00136154 -2.45561e-008 0.999999 

626.397

C:\coding\VFX_hw2\data\grail\grail02.jpg
384 512

1 0 255.5 
0 1 191.5 
0 0 1 

0.999825 0.0181112 0.00464199 
-0.0186077 0.939726 0.341423 
0.00182136 -0.341449 0.939898 

626.049

C:\coding\VFX_hw2\data\grail\grail03.jpg
384 512

1 0 255.5 
0 1 191.5 
0 0 1 

0.999859 0.0139864 0.00933435 
-0.0167128 0.765446 0.643283 
0.00185231 -0.643348 0.765571 

627.35

C:\coding\VFX_hw2\data\grail\grail04.jpg
384 512

1 0 255.5 
0 1 191.5 
0 0 1 

0.999838 0.0110508 0.0141704 
-0.0178101 0.504418 0.863276 
0.00239201 -0.863389 0.504534 

627.7

C:\coding\VFX_hw2\data\grail\grail05.jpg
384 512

1 0 255.5 
0 1 191.5 
0 0 1 

0.999889 0.00483931 0.0140568 
-0.014687 0.175071 0.984446 
0.00230311 -0.984544 0.175122 

627.902

C:\coding\VFX_hw2\data\grail\grail06.jpg
384 512

1 0 255.5 
0 1 191.5 
0 0 1 

0.999849 -0.00159312 0.0173086 
-0.0173246 -0.17208 0.98493 
0.00140934 -0.985081 -0.172082 

625.188

C:\coding\VFX_hw2\data\grail\grail07.jpg
384 512

1 0 255.5 
0 1 191.5 
0 0 1 

0.999912 -0.00561895 0.0120392 
-0.0132334 -0.501701 0.86494 
0.00118002 -0.865023 -0.501731 

627.433

C:\coding\VFX_hw2\data\grail\grail08.jpg
384 512

1 0 255.5 
0 1 191.5 
0 0 1 

0.999853 -0.0131108 0.0110101 
-0.0171206 -0.767701 0.64058 
5.39732e-005 -0.640674 -0.767813 

627.894

C:\coding\VFX_hw2\data\grail\grail09.jpg
384 512

1 0 255.5 
0 1 191.5 
0 0 1 

0.99987 -0.0151431 0.00554929 
-0.0161265 -0.943181 0.331889 
0.000208131 -0.331935 -0.943302 

628.493

C:\coding\VFX_hw2\data\grail\grail10.jpg
384 512

1 0 255.5 
0 1 191.5 
0 0 1 

0.999834 -0.0182463 0.000227287 
-0.0182432 -0.999786 -0.0097192 
0.000404572 0.00971355 -0.999953 

628.889

C:\coding\VFX_hw2\data\grail\grail11.jpg
384 512

1 0 255.5 
0 1 191.5 
0 0 1 

0.999807 -0.0187229 -0.00590343 
-0.0196077 -0.937526 -0.34736 
0.000968965 0.34741 -0.937713 

628.933

C:\coding\VFX_hw2\data\grail\grail12.jpg
384 512

1 0 255.5 
0 1 191.5 
0 0 1 

0.999795 -0.0167215 -0.0114233 
-0.0201388 -0.761698 -0.647619 
0.00212799 0.647716 -0.761879 

629.955

C:\coding\VFX_hw2\data\grail\grail13.jpg
384 512

1 0 255.5 
0 1 191.5 
0 0 1 

0.999865 -0.0101276 -0.0129414 
-0.0162557 -0.494123 -0.86924 
0.00240871 0.869333 -0.494221 

628.698

C:\coding\VFX_hw2\data\grail\grail14.jpg
384 512

1 0 255.5 
0 1 191.5 
0 0 1 

0.999901 -0.00444653 -0.013348 
-0.0139309 -0.180212 -0.983529 
0.00196782 0.983618 -0.180256 

630.904

C:\coding\VFX_hw2\data\grail\grail15.jpg
384 512

1 0 255.5 
0 1 191.5 
0 0 1 

0.999919 0.00121711 -0.0127027 
-0.0127225 0.172217 -0.984977 
0.000988795 0.985058 0.172219 

630.014

C:\coding\VFX_hw2\data\grail\grail16.jpg
384 512

1 0 255.5 
0 1 191.5 
0 0 1 

0.999857 0.0108074 -0.012983 
-0.016639 0.497423 -0.867349 
-0.00291569 0.867441 0.497532 

630.425

C:\coding\VFX_hw2\data\grail\grail17.jpg
384 512

1 0 255.5 
0 1 191.5 
0 0 1 

0.999827 0.0168595 -0.00778795 
-0.0179396 0.768341 -0.63979 
-0.00480277 0.639819 0.768511 

629.966

C:\coding\VFX_hw2\data\grail\grail00.jpg
384 512

1 0 255.5 
0 1 191.5 
0 0 1 

0.999846 0.0167418 -0.00533033 
-0.0175692 0.95024 -0.311021 
-0.000141932 0.311067 0.950388 

628.896

