C:\coding\VFX_hw2\data\makerspace\mks_2.jpg
3072 4080

4 0 2039.5 
0 4 1535.5 
0 0 1 

0.999969 -0.00563021 0.00553705 
0.00563013 0.999984 3.12374e-005 
-0.00553715 -1.26469e-008 0.999985 

732.019

C:\coding\VFX_hw2\data\makerspace\mks_3.jpg
3072 4080

4 0 2039.5 
0 4 1535.5 
0 0 1 

0.999981 -0.00428866 0.00441629 
0.00214174 0.914953 0.403556 
-0.00577141 -0.403539 0.914945 

740.442

C:\coding\VFX_hw2\data\makerspace\mks_4.jpg
3072 4080

4 0 2039.5 
0 4 1535.5 
0 0 1 

0.999982 -0.00582849 0.00168378 
0.00197333 0.574929 0.818201 
-0.00573692 -0.818183 0.57493 

736.617

C:\coding\VFX_hw2\data\makerspace\mks_5.jpg
3072 4080

4 0 2039.5 
0 4 1535.5 
0 0 1 

0.999978 -0.00657362 -0.000262279 
0.00246705 0.337734 0.941238 
-0.00609876 -0.941219 0.337743 

739.454

C:\coding\VFX_hw2\data\makerspace\mks_6.jpg
3072 4080

4 0 2039.5 
0 4 1535.5 
0 0 1 

0.999987 -0.00501031 0.000551093 
-0.000686436 -0.0270586 0.999634 
-0.00499365 -0.999621 -0.0270615 

737.036

C:\coding\VFX_hw2\data\makerspace\mks_7.jpg
3072 4080

4 0 2039.5 
0 4 1535.5 
0 0 1 

0.999974 -0.00205613 -0.00686247 
0.00550425 -0.392609 0.919689 
-0.00458536 -0.919703 -0.392588 

740.782

C:\coding\VFX_hw2\data\makerspace\mks_8.jpg
3072 4080

4 0 2039.5 
0 4 1535.5 
0 0 1 

0.99995 0.00445864 -0.00890077 
0.00958425 -0.67294 0.739635 
-0.00269197 -0.739684 -0.672949 

742.813

C:\coding\VFX_hw2\data\makerspace\mks_9.jpg
3072 4080

4 0 2039.5 
0 4 1535.5 
0 0 1 

0.999968 0.00389041 -0.00698632 
0.00516081 -0.981342 0.192203 
-0.00610829 -0.192233 -0.98133 

726.738

C:\coding\VFX_hw2\data\makerspace\mks_10.jpg
3072 4080

4 0 2039.5 
0 4 1535.5 
0 0 1 

0.999985 -0.000532955 -0.00551464 
-0.00108597 -0.994908 -0.100779 
-0.00543291 0.100784 -0.994894 

727.478

C:\coding\VFX_hw2\data\makerspace\mks_11.jpg
3072 4080

4 0 2039.5 
0 4 1535.5 
0 0 1 

0.999993 0.000464964 -0.00382438 
-0.001451 -0.874131 -0.485688 
-0.00356888 0.48569 -0.874124 

730.641

C:\coding\VFX_hw2\data\makerspace\mks_12.jpg
3072 4080

4 0 2039.5 
0 4 1535.5 
0 0 1 

0.999994 0.00346913 -8.40781e-005 
0.00176509 -0.529365 -0.848392 
-0.0029877 0.848387 -0.529368 

727.443

C:\coding\VFX_hw2\data\makerspace\mks_13.jpg
3072 4080

4 0 2039.5 
0 4 1535.5 
0 0 1 

0.999994 0.00191946 0.00289668 
0.00313091 -0.136053 -0.990697 
-0.00150753 0.9907 -0.136058 

729.662

C:\coding\VFX_hw2\data\makerspace\mks_14.jpg
3072 4080

4 0 2039.5 
0 4 1535.5 
0 0 1 

0.999959 -0.00185296 0.00892793 
0.00910784 0.249634 -0.968297 
-0.00043454 0.968338 0.24964 

730.459

C:\coding\VFX_hw2\data\makerspace\mks_15.jpg
3072 4080

4 0 2039.5 
0 4 1535.5 
0 0 1 

0.999947 -0.00500684 0.00904648 
0.0101316 0.649077 -0.760655 
-0.00206344 0.760706 0.649093 

724.369

C:\coding\VFX_hw2\data\makerspace\mks_16.jpg
3072 4080

4 0 2039.5 
0 4 1535.5 
0 0 1 

0.999977 -0.00443339 0.00508272 
0.00621033 0.899195 -0.437504 
-0.00263074 0.437526 0.899202 

726.021

C:\coding\VFX_hw2\data\makerspace\mks_1.jpg
3072 4080

4 0 2039.5 
0 4 1535.5 
0 0 1 

0.999917 0.010326 -0.00772942 
0.0127097 -0.890921 0.453981 
-0.00219858 -0.454042 -0.890978 

722.186

