C:\coding\VFX_hw2\data\controlled_mks\mks_2.jpg
4032 2268

4 0 1133.5 
0 4 2015.5 
0 0 1 

-0.713788 0.00112335 -0.700361 
-0.000801787 -0.999999 -0.000786804 
-0.700362 -4.80865e-008 0.713788 

721.822

C:\coding\VFX_hw2\data\controlled_mks\mks_3.jpg
4032 2268

4 0 1133.5 
0 4 2015.5 
0 0 1 

-0.330134 -0.00415756 -0.943926 
0.00648492 -0.999977 0.00213635 
-0.943912 -0.00541593 0.330153 

720.282

C:\coding\VFX_hw2\data\controlled_mks\mks_4.jpg
4032 2268

4 0 1133.5 
0 4 2015.5 
0 0 1 

0.113131 -0.00293111 -0.993576 
0.00877331 -0.999954 0.00394887 
-0.993542 -0.00916367 -0.1131 

716.73

C:\coding\VFX_hw2\data\controlled_mks\mks_5.jpg
4032 2268

4 0 1133.5 
0 4 2015.5 
0 0 1 

0.604029 0.000581931 -0.796962 
0.00957077 -0.999933 0.00652368 
-0.796905 -0.011568 -0.603994 

719.442

C:\coding\VFX_hw2\data\controlled_mks\mks_6.jpg
4032 2268

4 0 1133.5 
0 4 2015.5 
0 0 1 

0.874822 0.000263507 -0.484445 
0.00576272 -0.999935 0.00986256 
-0.48441 -0.0114197 -0.874767 

728.833

C:\coding\VFX_hw2\data\controlled_mks\mks_7.jpg
4032 2268

4 0 1133.5 
0 4 2015.5 
0 0 1 

0.980052 -0.0016953 -0.198735 
0.00102513 -0.999907 0.0135851 
-0.198739 -0.0135178 -0.979959 

721.438

C:\coding\VFX_hw2\data\controlled_mks\mks_8.jpg
4032 2268

4 0 1133.5 
0 4 2015.5 
0 0 1 

0.996496 0.00236056 0.083611 
0.00110922 -0.999887 0.0150094 
0.083637 -0.0148641 -0.996386 

722.795

C:\coding\VFX_hw2\data\controlled_mks\mks_9.jpg
4032 2268

4 0 1133.5 
0 4 2015.5 
0 0 1 

0.820927 0.0110231 0.570927 
0.000604363 -0.99983 0.0184351 
0.571033 -0.0147889 -0.820794 

726.298

C:\coding\VFX_hw2\data\controlled_mks\mks_10.jpg
4032 2268

4 0 1133.5 
0 4 2015.5 
0 0 1 

0.442942 0.0158475 0.89641 
-0.00112462 -0.999833 0.0182316 
0.89655 -0.00908365 -0.442851 

726.106

C:\coding\VFX_hw2\data\controlled_mks\mks_11.jpg
4032 2268

4 0 1133.5 
0 4 2015.5 
0 0 1 

0.0479754 0.0107378 0.998791 
-0.00414091 -0.999932 0.0109489 
0.99884 -0.0046612 -0.0479278 

728.518

C:\coding\VFX_hw2\data\controlled_mks\mks_12.jpg
4032 2268

4 0 1133.5 
0 4 2015.5 
0 0 1 

-0.460496 0.0100976 0.887605 
-0.00690922 -0.999946 0.00779111 
0.887635 -0.00254492 0.46054 

729.819

C:\coding\VFX_hw2\data\controlled_mks\mks_13.jpg
4032 2268

4 0 1133.5 
0 4 2015.5 
0 0 1 

-0.808586 0.00770695 0.588328 
-0.00587787 -0.99997 0.00502095 
0.588349 0.000601749 0.808607 

723.284

C:\coding\VFX_hw2\data\controlled_mks\mks_14.jpg
4032 2268

4 0 1133.5 
0 4 2015.5 
0 0 1 

-0.995321 0.00579417 0.0964479 
-0.00555517 -0.999981 0.0027465 
0.096462 0.00219785 0.995334 

720.741

C:\coding\VFX_hw2\data\controlled_mks\mks_15.jpg
4032 2268

4 0 1133.5 
0 4 2015.5 
0 0 1 

-0.943238 0.00279694 -0.332107 
-0.00333601 -0.999994 0.00105304 
-0.332102 0.00210119 0.943241 

718.338

C:\coding\VFX_hw2\data\controlled_mks\mks_1.jpg
4032 2268

4 0 1133.5 
0 4 2015.5 
0 0 1 

0.958862 -0.00848452 -0.283746 
-0.00558435 -0.999924 0.0110284 
-0.283818 -0.00899016 -0.958836 

713.345

