C:\coding\VFX_hw2\data\ntulib\IMG_8723.JPG
2272 1704

4 0 851.5 
0 4 1135.5 
0 0 1 

0.89047 -0.00363689 0.455027 
0.00323854 0.999993 0.00165503 
-0.45503 -1.15871e-007 0.890476 

718.333

C:\coding\VFX_hw2\data\ntulib\IMG_8724.JPG
2272 1704

4 0 851.5 
0 4 1135.5 
0 0 1 

0.980593 0.0104712 0.195772 
-0.00873912 0.999914 -0.00970922 
-0.195857 0.00780988 0.980601 

717.184

C:\coding\VFX_hw2\data\ntulib\IMG_8725.JPG
2272 1704

4 0 851.5 
0 4 1135.5 
0 0 1 

0.981323 0.0467501 0.186599 
0.00978011 0.95664 -0.291108 
-0.192118 0.287496 0.938316 

719.436

C:\coding\VFX_hw2\data\ntulib\IMG_8726.JPG
2272 1704

4 0 851.5 
0 4 1135.5 
0 0 1 

0.978097 0.140191 0.153859 
0.00531389 0.722118 -0.691749 
-0.208082 0.677415 0.705557 

718.149

C:\coding\VFX_hw2\data\ntulib\IMG_8727.JPG
2272 1704

4 0 851.5 
0 4 1135.5 
0 0 1 

0.978414 0.187727 0.0863946 
0.00648595 0.389963 -0.920808 
-0.206552 0.901492 0.380328 

715.683

C:\coding\VFX_hw2\data\ntulib\IMG_8728.JPG
2272 1704

4 0 851.5 
0 4 1135.5 
0 0 1 

0.907802 0.359322 0.216293 
-0.0227901 0.557224 -0.83005 
-0.418779 0.748591 0.514038 

715.675

C:\coding\VFX_hw2\data\ntulib\IMG_8729.JPG
2272 1704

4 0 851.5 
0 4 1135.5 
0 0 1 

0.896936 0.411018 0.163003 
0.00696705 0.355467 -0.934663 
-0.442105 0.839468 0.315968 

715.426

C:\coding\VFX_hw2\data\ntulib\IMG_8722.JPG
2272 1704
4 0 851.5 
0 4 1135.5 
0 0 1 

0 0 0 
0 0 0 
0 0 0 

0

